# M=2^2, N=4, PBC
# U/t E0/t <K>/t <V>/t S2(n=1) S2(l=1) Eop(l=1)
0.0 -16.000000000000004 -16.000000000000004 0.0 -0.0 1.1245500303581353 -9.367506770274714e-17
1.0 -14.60164823643846 -15.911058556312968 1.3094103198745077 0.009911839514991338 1.0694669158764092 -1.7496745698106006e-16
2.0 -13.363466995282527 -15.709818865071673 2.346351869789146 0.032020521082404135 1.0152493002713863 -1.882608825561804e-16
3.0 -12.246013791082273 -15.441595252209671 3.195581461127398 0.0610878184549502 0.9614188751245741 1.0921326395818437e-16
4.0 -11.22772987823536 -15.121451427798098 3.8937215495627377 0.09547544856769798 0.907013327251356 -4.897107288839819e-16
5.0 -10.295913295062215 -14.753286283086238 4.457372988024023 0.13490289900040223 0.8512554587103714 1.7770826552814095e-16
6.0 -9.442727869657649 -14.337114632062603 4.894386762404954 0.17958347961407115 0.7937828518769182 -7.596654015939394e-18
7.0 -8.663032883022868 -13.872978182931814 5.209945299908945 0.2297579251697069 0.7347414326943947 1.475405226259718e-16
8.0 -7.953026027484108 -13.363317177353224 5.410291149869115 0.28539738183314667 0.6747780027099276 0.0
9.0 -7.309348450653453 -12.814139463477163 5.50479101282371 0.34603031700807024 0.6149315653954797 -6.271585199758259e-16
10.0 -6.728524459134704 -12.235020752002274 5.5064962928675705 0.4106961166431889 0.5564431141209328 0.0
11.0 -6.206678804992979 -11.638099261610735 5.431420456617756 0.47802333993575574 0.5005345506270531 4.9536967596766705e-17
12.0 -5.739479956674939 -11.036476314782696 5.296996358107758 0.5464025216687444 0.44821956199625007 9.307316757941353e-17
13.0 -5.32224253966197 -10.442563112068456 5.120320572406486 0.6141981094207022 0.40019147669238464 1.2823719217399078e-18
14.0 -4.95011341000396 -9.866821676537107 4.916708266533147 0.6799399814632215 0.3567980926048123 3.6863185273383755e-16
15.0 -4.618274171010613 -9.31710635441782 4.698832183407207 0.74245342865463 0.3180833679459764 -1.3671892012728145e-16
16.0 -4.322114399542403 -8.79857063590692 4.476456236364518 0.8009148264913893 0.2838635543090205 -1.2665038200866871e-18
17.0 -4.057354214218225 -8.313964901728157 4.256610687509933 0.8548438137984825 0.25380919280072034 2.7545063553119932e-17
18.0 -3.8201139103217314 -7.864125438070708 4.044011527748976 0.9040543399398343 0.22751552375849243 -2.3717505038011792e-17
19.0 -3.606939279968225 -7.448499206648117 3.8415599266798917 0.9485874011409274 0.20455459657677405 4.2197386756030252e-16
20.0 -3.4147950744968 -7.065612582765921 3.65081750826912 0.9886425767944119 0.18450935855775089 -7.88069779334567e-16
21.0 -3.241038530785909 -6.713445807492498 3.472407276706589 1.0245183033502445 0.16699321398814387 -1.8022044792761806e-17
22.0 -3.083382416888234 -6.389709002958506 3.3063265860702717 1.0565649009573455 0.1516592482057951 -8.384012390049251e-16
23.0 -2.939854221630336 -6.092032548277218 3.152178326646882 1.0851505421109726 0.13820278586639162 4.2902871553939536e-16
24.0 -2.8087556715431616 -5.818090229428968 3.0093345578858064 1.1106383988549373 0.12636003994552755 1.9576628900114322e-19
25.0 -2.688624936467038 -5.5656731364017675 2.8770481999347295 1.133372537670407 0.11590472975499899 -2.5166456868815513e-17
26.0 -2.5782026508108697 -5.332729323367795 2.7545266725569255 1.153670186200985 0.106643854296424 8.179825747681492e-16
27.0 -2.476402105090048 -5.117380729906204 2.640978624816156 1.1718183719225552 0.09841331833204674 3.2215844480104147e-17
28.0 -2.382283516736279 -4.917925678740783 2.535642162004504 1.1880733921897346 0.09107378744231819 -8.879008302509537e-16
29.0 -2.2950320582012345 -4.732832716954023 2.4378006587527894 1.2026620001697783 0.08450694935463181 4.440591703322284e-16
30.0 -2.21393922209696 -4.5607296650988465 2.3467904430018867 1.2157835375657136 0.07861224213752949 -1.731750923987236e-17
31.0 -2.138387081990927 -4.400390382185776 2.2620033001948485 1.2276125066471042 0.07330404568939543 -4.560164392038626e-20
32.0 -2.067835027902901 -4.250720819056525 2.182885791153624 1.2383012616054945 0.06850930085096699 4.4406921385413376e-16
33.0 -2.001808595762258 -4.11074530435139 2.108936708589132 1.2479826283086257 0.06416550712316599 1.7614018767062893e-20
34.0 -1.9398900573790865 -3.979593595073517 2.0397035376944306 1.2567723473238817 0.060219047054999926 -8.749199795736428e-16
35.0 -1.8817104848689663 -3.856488959644613 1.9747784747756465 1.264771290223214 0.05662378785616844 -8.757330725162607e-16
36.0 -1.8269430474207538 -3.740737396669717 1.9137943492489629 1.2720674333135296 0.05333991575236317 1.1730293268904653e-17
37.0 -1.7752973373033034 -3.631717993541689 1.8564206562383854 1.278737593065768 0.05033296439323481 5.537417704425845e-18
38.0 -1.726514555695028 -3.5288743724648555 1.8023598167698276 1.2848489385539146 0.04757300437017888 -5.216625781036092e-18
39.0 -1.6803634175052813 -3.4317071420052407 1.7513437244999592 1.2904603015112133 0.04503396618055603 -4.9413693921573625e-18
40.0 -1.6366366583306453 -3.3397672596575196 1.7031306013268743 1.2956233063972764 0.042693073617836905 -8.740527982046093e-16
41.0 -1.5951480466425112 -3.2526502084772444 1.6575021618347332 1.3003833426043794 0.04053036854184036 4.261720691621743e-16
42.0 -1.5557298208276682 -3.1699908942542825 1.6142610734266145 1.3047803995460114 0.038528311327617956 4.234514678703162e-18
43.0 -1.5182304843495145 -3.09145917626602 1.5732286919165057 1.3088497834473118 0.03667144407335439 -4.079700368489803e-18
44.0 -1.4825129035484395 -3.0167559526431647 1.5342430490947252 1.312622732548347 0.03494610594451516 4.286419016161426e-16
45.0 -1.4484526618717235 -2.945609729775045 1.4971570679033215 1.3161269453412454 0.033340191918500794 4.477534646854727e-16
46.0 -1.415936631966582 -2.877773613374385 1.461836981407803 1.3193870345030645 0.0318429477402604 3.52369565795066e-18
47.0 -1.3848617333763817 -2.8130226664858373 1.4281609331094556 1.3224249174102294 0.03044479516387645 8.679698940955642e-16
48.0 -1.35513384879047 -2.751151586702542 1.396017737912072 1.3252601525464922 0.029137182589223622 3.228939402317539e-18
49.0 -1.3266668761102751 -2.691972661097817 1.3653057849875423 1.3279102297425334 0.027912457048504997 6.169584323108356e-18
50.0 -1.299381897170057 -2.635313962893662 1.3359320657236051 1.330390820998782 0.026763754189515168 0.0
51.0 -1.273206446922087 -2.5810177587166057 1.3078113117945187 1.3327159976263212 0.02568490347001459 4.4126576852944824e-16
52.0 -1.2480738693708506 -2.528939099493808 1.2808652301229575 1.3348984185738066 0.02467034624312676 -5.4639707635759676e-18
53.0 -1.2239227486069377 -2.478944571683471 1.2550218230765333 1.33694949407212 0.023715064796828327 4.3883881532659045e-16
54.0 -1.2006964050203908 -2.4309111886791874 1.2302147836587967 1.3388795281048635 0.022814520726268762 0.0
55.0 -1.178342448223893 -2.3847254049400113 1.2063829567161184 1.3406978426850784 0.02196460127840241 -8.711688560719248e-16
56.0 -1.156812379436266 -2.3402822377334425 1.1834698582971765 1.3424128864728377 0.021161572524294677 4.440912191832575e-16
57.0 -1.1360612371054652 -2.29748448338862 1.1614232462831549 1.344032329891631 0.02040203839365377 -8.746278140819692e-16
58.0 -1.1160472804198351 -2.2562420166867403 1.140194736266905 1.3455631485831188 0.019682904755127194 -4.3546201076290844e-18
59.0 -1.0967317060932318 -2.2164711635045213 1.1197394574112898 1.3470116967708416 0.019001347850240453 -8.713431266825113e-16
60.0 -1.0780783944355716 -2.1780941381087784 1.1000157436732065 1.3483837718757097 0.018354786492698765 8.800457715404088e-16
61.0 -1.0600536812533632 -2.1410385376051995 1.0809848563518365 1.349684671533365 0.01774085753189505 4.4408637250494463e-16
62.0 -1.0426261525797516 -2.1052368869978766 1.0626107344181253 1.3509192440000437 0.01715739415263176 4.4029423688932515e-16
63.0 -1.0257664596228786 -2.0706262291393376 1.044859769516459 1.3520919327947147 0.01660240664455699 -8.808156553133175e-16
64.0 -1.0094471516551855 -2.037147754562888 1.0277006029077027 1.3532068163074273 0.016074065327032858 4.334077261583821e-16
65.0 -0.9936425248532241 -2.0047464668053463 1.0111039419521224 1.3542676430031781 0.01557068535890608 -8.881762276014281e-16
66.0 -0.9783284853447349 -1.9733708793627485 0.9950423940180134 1.3552778627651192 0.015090713200231434 -6.6890852376594336e-18
67.0 -0.963482424933148 -1.9429727408855064 0.9794903159523585 1.3562406548475805 0.014632714524498299 3.2432197346062636e-18
68.0 -0.9490831081543014 -1.9135067856229582 0.9644236774686566 1.357158952846988 0.014195363407173863 0.0
69.0 -0.935110569480246 -1.884930506478544 0.949819936998298 1.35803546704489 0.01377743263927619 3.054835867321588e-18
70.0 -0.9215460196240903 -1.8572039483432186 0.9356579287191282 1.358872704431433 0.01337778503458026 -8.852096396852566e-16
71.0 -0.9083717600208976 -1.8302895196422557 0.9219177596213581 1.359672986677952 0.012995365615964297 -8.852982892939639e-16
72.0 -0.8955711046652425 -1.804151820264741 0.9085807155994985 1.3604384662931952 0.01262919458097551 4.4408703780139607e-16
73.0 -0.8831283085783344 -1.7787574842500797 0.8956291756717454 1.3611711411683702 0.012278360959243883 4.427298278755873e-16
74.0 -0.8710285022583835 -1.754075035785784 0.8830465335274005 1.3618728676906513 0.011942016885224449 4.4144148198783044e-16
75.0 -0.859257631538786 -1.7300747572289668 0.8708171256901807 1.3625453725828658 0.011619372419080296 4.4151168701154905e-16
76.0 -0.8478024023409525 -1.7067285680030695 0.858926165662117 1.3631902636078883 0.011309690856665361 4.4408862813270553e-16
77.0 -0.8366502298634373 -1.6840099133440751 0.8473596834806378 1.3638090392597588 0.01101228447657495 4.416462337520825e-16
78.0 -0.8257891917973446 -1.6618936619786486 0.8361044701813041 1.364403097549044 0.010726510678398032 0.0
79.0 -0.8152079852006919 -1.6403560119124223 0.8251480267117304 1.3649737439774403 0.01045176847162171 1.1591207244750343e-18
80.0 -0.8048958867021574 -1.6193744035912996 0.8144785168891422 1.3655221987855837 0.010187495279283431 4.440887370849862e-16
81.0 -0.7948427157381122 -1.5989274397738429 0.8040847240357307 1.366049603548455 0.009933164024561318 8.8377265632397e-16
82.0 -0.7850388005565239 -1.578994811519357 0.7939560109628332 1.3665570271843914 0.009688280472068107 2.148211037372611e-18
83.0 -0.7754749467477187 -1.5595572297557119 0.7840822830079932 1.3670454714362832 0.009452380798699943 4.4304040719709425e-16
84.0 -0.7661424080854602 -1.5405963619435528 0.7744539538580925 1.3675158758771104 0.009225029371686636 4.430656186483964e-16
85.0 -0.7570328594827735 -1.5220947734007169 0.7650619139179432 1.36796912248627 0.00900581671389856 -8.831860826910462e-16
86.0 -0.7481383718855995 -1.5040358728925172 0.7558975010069177 1.368406039838102 0.008794357638582696 4.4018835629370626e-16
87.0 -0.7394513889440991 -1.4864038621312086 0.7469524731871094 1.3688274069396498 0.008590289537593351 -1.9043780578747218e-18
88.0 -0.7309647053163679 -1.469183688861377 0.7382189835450089 1.3692339567506904 0.008393270808841582 -6.434811754843614e-22
89.0 -0.7226714464727315 -1.4523610032381846 0.7296895567654531 1.3696263794157537 0.00820297941020261 8.854498362064028e-16
90.0 -0.7145650498808147 -1.4359221172323267 0.7213570673515118 1.3700053252346203 0.008019111528338436 4.4319935737883215e-16
91.0 -0.7066392474623975 -1.4198539668197543 0.7132147193573567 1.3703714073952156 0.007841380352160752 8.846995459854294e-16
92.0 -0.698888049222782 -1.4041440767360978 0.7052560275133157 1.3707252044903073 0.007669514941608165 8.51077692737034e-19
93.0 -0.6913057279621673 -1.388780527595248 0.6974747996330807 1.3710672628373142 0.007503259183360097 -8.865139177205409e-16
94.0 -0.6838868049864196 -1.3737519251892616 0.6898651202028421 1.3713980986186256 0.007342370825955755 4.440897030447643e-16
95.0 -0.6766260367417616 -1.359047371802727 0.6824213350609654 1.3717181998580708 0.007186620587445497 8.857868179231445e-16
96.0 -0.6695184023043553 -1.34465643938909 0.6751380370847349 1.372028028247762 0.007035791329460468 8.850566381222136e-16
97.0 -0.6625590916615854 -1.330569144469513 0.6680100528079274 1.3723280208380666 0.00688967729207151 4.44089427123646e-16
98.0 -0.6557434947271277 -1.3167759246265789 0.6610324298994512 1.3726185916022773 0.006748083384352237 4.440890013726315e-16
99.0 -0.6490671910366961 -1.303267616475876 0.65420042543918 1.3729001328865569 0.00661082452612673 4.440894099747345e-16
100.0 -0.6425259400757048 -1.2900354350081948 0.6475094949324901 1.3731730167545668 0.006477725036645283 0.0
