# M=4^1, N=4, PBC
# U/t E0/t <K>/t <V>/t S2(n=2) S2(l=2) Eop(l=2)
0.0 -8.0 -8.0 0.0 2.2204460492503154e-15 1.2966822024302043 -3.330669073875466e-16
0.1 -7.852270887655462 -7.99779881416776 0.1455279265122984 0.0006591714766034029 1.2760231964505526 5.375003515058652e-5
0.2 -7.708816293090659 -7.9916961225163545 0.28287982942569556 0.002481696154446972 1.256768082497971 0.00019769532166334728
0.3 -7.569282988152271 -7.982312479566971 0.4130294914146998 0.00527459269801125 1.2387326021268872 0.00040994516746915914
0.4 -7.433371148230334 -7.970130459427006 0.5367593111966715 0.00888694336751494 1.2217557174376512 0.0006731297953343463
0.5 -7.300824118219232 -7.955529278156486 0.6547051599372538 0.013199685229077157 1.2056969806026496 0.0009734755957306004
0.6 -7.171420487172918 -7.938809735818462 0.7673892486455438 0.018118158345897518 1.1904337362412507 0.0013000792279072961
0.7 -7.044967905071376 -7.9202123302998535 0.8752444252284775 0.02356662197549975 1.1758585151048309 0.0016443370419357028
0.8 -6.921298218322731 -7.899930545419966 0.9786323270972356 0.02948417957155209 1.161876750001152 0.0019994947972261437
0.9 -6.800263608340925 -7.878120713652818 1.077857105311892 0.035821717511015434 1.1484048372083866 0.002360290373810989
1.0 -6.681733497641256 -7.854909432535829 1.1731759348945725 0.042539578223750735 1.1353685196649932 0.0027226685264284674
1.1 -6.5655920471538 -7.830399220980722 1.2648071738269224 0.04960576958890977 1.1227015512024683 0.003083551713654188
1.2 -6.4517361122336725 -7.80467289849082 1.3529367862571475 0.056994569333845675 1.1103445981895823 0.003440654843557163
1.3 -6.340073557228168 -7.777797029148658 1.4377234719204903 0.0646854230742336 1.0982443381724663 0.0037923346526379815
1.4 -6.23052185248073 -7.749824673927101 1.519302821446371 0.07266206273158886 1.0863527204810144 0.0041374665939571415
1.5 -6.123006895541136 -7.720797626104834 1.5977907305636982 0.08091179194848369 1.074626359472716 0.004475343731550582
1.6 -6.017462011739824 -7.690748256197752 1.6732862444579277 0.08942489927842476 1.0630260363020678 0.004805593359090591
1.7 -5.913827099359856 -7.659701058581126 1.7458739592212704 0.09819417007732419 1.0515162895612569 0.005128107985668899
1.8 -5.812047892266685 -7.627673967566365 1.8156260752996805 0.10721447535670482 1.040065078802726 0.005442988036912492
1.9 -5.712075318666268 -7.5946794931473365 1.8826041744810682 0.11648242120276554 1.0286435079006235 0.0057504941621845575
2.0 -5.613864939117684 -7.5607257138990525 1.9468607747813689 0.12599604629527034 1.0172255975435835 0.006051007459469421
2.1 -5.5173764503668545 -7.525817155179066 2.008440704812211 0.1357545579794912 1.0057880979886382 0.006344996258840229
2.2 -5.422573244243569 -7.48995557386501 2.0673823296214406 0.14575809953601593 0.9943103346470237 0.006632988365260837
2.3 -5.329422012960081 -7.45314066567412 2.123718652714038 0.15600754295695468 0.982774080204065 0.006915547868113884
2.4 -5.237892393803692 -7.415370707171072 2.17747831336738 0.16650430281528256 0.9711634478700677 0.007193255790369511
2.5 -5.1479566475311085 -7.376643141543119 2.2286864940120106 0.17725016780724787 0.9594648010746749 0.0074666939835175755
2.6 -5.059589365825735 -7.336955114868199 2.277365749042464 0.18824714732888476 0.947666675501211 0.0077364317822824595
2.7 -4.9727672040291075 -7.296303967756496 2.3235367637273887 0.19949733106832088 0.93575970984646 0.008003015020510361
2.8 -4.887468636047601 -7.254687685790484 2.367219049742882 0.211002760093124 0.9237365821146655 0.008266957080757269
2.9 -4.803673728899333 -7.212105311040267 2.408431582140934 0.2227653083137787 0.9115919486344846 0.008528731707709597
3.0 -4.721363934828824 -7.1685573160313005 2.447193381202476 0.23478657352950813 0.8993223833412464 0.008788767362350808
3.1 -4.640521899298101 -7.124045940848958 2.483524041550856 0.24706777752561618 0.8869263152061329 0.009047442931318808
3.2 -4.561131283477149 -7.078575493548719 2.51744421007157 0.25960967490231285 0.8744039620274849 0.009305084636076665
3.3 -4.483176600115986 -7.0321526136808465 2.548976013564861 0.27241247048099765 0.8617572591315619 0.009561964010284864
3.4 -4.406643061893434 -6.984786498516552 2.578143436623118 0.28547574526119307 0.848989781863131 0.009818296832372888
3.5 -4.331516441511434 -6.936489091465907 2.6049726499544725 0.2987983909932357 0.8361066610791151 0.010074242914619485
3.6 -4.257782942943846 -6.8872752321932005 2.629492289249354 0.3123785534925386 0.8231144911886693 0.010329906660718055
3.7 -4.185429083359625 -6.837162768051646 2.6517336846920205 0.3262135848529457 0.8100212306060047 0.010585338311678879
3.8 -4.114441585325883 -6.786172626663675 2.671731041337792 0.3403000047224124 0.7968360947925973 0.010840535805463776
3.9 -4.04480727895976 -6.7343288497531155 2.6895215707933557 0.3546334707862267 0.7835694423567313 0.011095447179503538
4.0 -3.976513013742054 -6.681658588676612 2.7051455749345585 0.3692087585640917 0.7702326549445111 0.011349973447758389
4.1 -3.909545579732742 -6.628192062489685 2.7186464827569434 0.3840197505700085 0.7568380118910679 0.011603971885543964
4.2 -3.8438916379411374 -6.573962479801243 2.7300708418601056 0.39905943481141903 0.7433985607984015 0.011857259656443478
4.3 -3.7795376596038732 -6.51900592610363 2.739468266499757 0.41431991251945116 0.7299279853628071 0.012109617716471899
4.4 -3.716469874114 -6.463361218696726 2.7468913445827265 0.4297924149084455 0.7164404718864462 0.012360794931555015
4.5 -3.6546742253267266 -6.407069731738579 2.752395506411853 0.4454673286643428 0.702950575973639 0.012610512345602412
4.6 -3.5941363359432854 -6.350175194336516 2.7560388583932305 0.46133422976070126 0.689473090931765 0.01285846753802919
4.7 -3.5348414796462775 -6.292723464928569 2.7578819852822916 0.47738192510196203 0.6760229193717172 0.013104339011731397
4.8 -3.4767745606293756 -6.234762285483424 2.7579877248540487 0.49359850139937084 0.6626149494362451 0.013347790555335411
4.9 -3.419920100133005 -6.17634101925926 2.7564209191262545 0.509971380598424 0.6492639369807024 0.013588475526879426
5.0 -3.3642622295673523 -6.117510376001138 2.7532481464337857 0.5264873811007749 0.6359843948953285 0.013826041010175448
5.1 -3.309784689775884 -6.0583221285193805 2.7485374387434964 0.5431327839601949 0.6227904905971986 0.014060131799661405
5.2 -3.256470835967854 -5.998828824576616 2.7423579886087626 0.5598934031835624 0.6096959525404714 0.01429039417465598
5.3 -3.2043036478278775 -5.939083497921192 2.734779850093315 0.5767546592345796 0.5967139864020549 0.014516479429414175
5.4 -3.153265744295313 -5.879139382143387 2.7258736378480735 0.5937016548212538 0.583857201403382 0.014738047131144596
5.5 -3.1033394024964895 -5.819049630805369 2.71571022830888 0.610719252047836 0.5711375470336926 0.014954768083960733
5.6 -3.0545065803088605 -5.758867047014459 2.704360466705599 0.6277921500275722 0.5585662602520675 0.015166326982770114
5.7 -3.00674894203832 -5.698643825281825 2.6918948832435046 0.6449049620835071 0.5461538230690548 0.015372424746754543
5.8 -2.9600478866986912 -5.638431308145956 2.678383421447265 0.6620422917093097 0.5339099302482821 0.01557278052773039
5.9 -2.914384578395854 -5.57827975965367 2.663895181257816 0.6791888065188195 0.5218434667268409 0.015767133393818047
6.0 -2.869739978337469 -5.518238157391349 2.64849817905388 0.6963293094803765 0.5099624942327203 0.0159552436936921
6.1 -2.8260948780122677 -5.458354004357047 2.6322591263447794 0.7134488068072412 0.4982742464788609 0.016136894110888526
6.2 -2.78342993310983 -5.39867316156926 2.6152432284594305 0.7305325719569514 0.4867851322372518 0.016311890421399314
6.3 -2.741725697781939 -5.339239701929413 2.597514004147474 0.7475662052778277 0.4755007455420554 0.01648006197093985
6.4 -2.7009626588791917 -5.280095785499954 2.579133126620763 0.7645356889279461 0.4644258822369025 0.016641261890765716
6.5 -2.661121269830985 -5.221281556034231 2.5601602862032458 0.781427436779031 0.4535645620669645 0.01679536707293213
6.6 -2.6221819838724127 -5.162835058302514 2.540653074430101 0.7982283391026351 0.4429200555186073 0.016942277927210453
6.7 -2.584125286357455 -5.104792175503796 2.520666889146341 0.814925801917681 0.4324949146268284 0.017081917942761232
6.8 -2.546931725933436 -5.047186585836891 2.500254859903455 0.8315077809550676 0.422291007000305 0.017214233077982814
6.9 -2.510581944386569 -4.99004973712742 2.4794677927408513 0.8479628102658087 0.4123095523537795 0.01733919100190908
7.0 -2.4750567050019794 -4.9334108382685535 2.4583541332665746 0.8642800255633551 0.402551160885194 0.01745678020997733
7.1 -2.440336919313539 -4.87729686613158 2.4369599468180407 0.8804491824474129 0.3930158728883485 0.01756700903626221
7.2 -2.406403672148844 -4.821732586534917 2.4153289143860732 0.896460669705805 0.38370319904880623 0.017669904583093313
7.3 -2.373238244902428 -4.766740587824112 2.3935023429216833 0.9123055179323281 0.37461216092976546 0.01776551158778853
7.4 -2.3408221369957323 -4.712341325607497 2.3715191886117646 0.9279754037323507 0.3657413312138065 0.01785389124470472
7.5 -2.3091370855053057 -4.65855317720891 2.349416091703605 0.9434626498142467 0.3570888733246876 0.017935119999267293
7.6 -2.2781650829611295 -4.605392504436299 2.3272274214751696 0.9587602212841834 0.3486525801098126 0.018009288329039485
7.7 -2.247888393334931 -4.552873723320237 2.3049853299853065 0.9738617184743794 0.34042991131719647 0.018076499525233602
7.8 -2.2182895662538518 -4.501009379544772 2.282719813290921 0.988761366642029 0.3324180296510166 0.018136868486410298
7.9 -2.1893514494879764 -4.449810228372632 2.260458778884656 1.0034540028771557 0.3246138352356815 0.01819052053457374
8.0 -2.161057199771201 -4.39928531795346 2.238228118182259 1.0179350605545772 0.3170139983604829 0.018237590262303087
8.1 -2.1333902920237757 -4.349442074995629 2.216051782971853 1.032200551657582 0.3096149904144069 0.01827822041810031
8.2 -2.1063345270517835 -4.300286391876259 2.1939518648244754 1.0462470472899943 0.3024131129541215 0.018312560835868477
8.3 -2.0798740378040588 -4.25182271435877 2.171948676554712 1.0600716566796244 0.29540452487728125 0.018340767413052586
8.4 -2.053993294270642 -4.20405412918055 2.1500608349099077 1.073672004960061 0.28858526769857346 0.018363001141015373
8.5 -2.0286771071091128 -4.15698245086408 2.1283053437549664 1.087046209999946 0.2819512889470933 0.01837942719003571
8.6 -2.003910630086155 -4.11060830719147 2.1066976771053145 1.100192858530096 0.2754984637216203 0.01839021405051617
8.7 -1.9796793614216184 -4.06493122286465 2.0852518614430315 1.113110981798988 0.2692226144549594 0.018395532731150927
8.8 -1.9559691441213989 -4.019949700950199 2.0639805568288 1.125800030967045 0.26311952895003543 0.01839555601411163
8.9 -1.9327661653836978 -3.975661301778895 2.042895136395197 1.13825985243018 0.2571849767596153 0.018390457766712123
9.0 -1.9100569551608657 -3.932062719035355 2.022005763874489 1.1504906632429872 0.25141472398812487 0.01838041230855903
9.1 -1.887828383956179 -3.8891498528322215 2.0013214688760423 1.1624930267928213 0.24580454659871892 0.018365593832666394
9.2 -1.8660676599315886 -3.846917879616673 1.9808502196850843 1.1742678288572224 0.24035024231168226 0.018346175878863766
9.3 -1.8447623253989553 -3.8053613188043984 1.9605989934054433 1.1858162541594153 0.23504764118159044 0.01832233085733971
9.4 -1.8239002527634784 -3.7644740960780894 1.940573843314611 1.1971397635198524 0.2298926149408252 0.01829422962015709
9.5 -1.8034696399841126 -3.7242496033240564 1.9207799633399438 1.2082400716858874 0.2248810851960727 0.01826204107830226
9.6 -1.7834590056118016 -3.6846807552121783 1.901221749600377 1.219119125907272 0.22000903056274024 0.01822593186180916
9.7 -1.763857183462331 -3.645760042451435 1.881902858989104 1.2297790853114796 0.2152724928195919 0.01818606602037523
9.8 -1.744653316976655 -3.607479581776073 1.8628262647994185 1.2402223011206739 0.21066758216308798 0.01814260476196155
9.9 -1.7258368533176434 -3.569831162736305 1.8439943094186615 1.2504512977409854 0.20619048163739015 0.018095706226763035
10.0 -1.7073975372484 -3.53280629138296 1.8254087541345598 1.2604687547446674 0.20183745081233978 0.018045525294094235
