# M=2^1, N=2, PBC
# U/t E0/t <K>/t <V>/t S2(n=1) S2(l=1) Eop(l=1)
0.0 -4.000000000000001 -4.000000000000001 0.0 -8.881784197001248e-16 0.9808292530117257 0.0
0.1 -3.9503124877939224 -3.9996875366163263 0.0493750488224037 7.811584583903757e-5 0.9723761732146655 0.0
0.2 -3.901249804748512 -3.9987505856324916 0.09750078088397973 0.0003123535867959406 0.963690887011334 0.0
0.3 -3.8528115119250863 -3.997190462836722 0.14437895091163586 0.0007023842330360616 0.9547846614586994 0.0
0.4 -3.8049968789001576 -3.995009355511379 0.19001247661122142 0.0012476607981562525 0.9456691670811664 0.0
0.5 -3.75780488547035 -3.992210313931555 0.23440542846120485 0.0019474202843953441 0.9363564192230461 0.0
0.6 -3.7112342240263154 -3.988797239553825 0.2775630155275098 0.0028006864424720336 0.9268587188711134 0.0
0.7 -3.66528330258277 -3.9847748699844514 0.3194915674016815 0.003806273286842286 0.9171885935107916 0.0
0.8 -3.6199502484483568 -3.980148760839957 0.36019851239160044 0.00496278934212946 0.9073587385527242 0.0
0.9 -3.5752329125157467 -3.9749252646352073 0.3996923521194606 0.006268642591573793 0.8973819598325034 0.0
1.0 -3.531128874149275 -3.969111506854671 0.4379826327053958 0.007722046093909942 0.8872711176466627 0.0
1.1 -3.4876354466444845 -3.962715359381184 0.47507991273669953 0.009321024230928416 0.8770390727436385 0.0
1.2 -3.444749683231337 -3.955745411473191 0.5109957282418538 0.011063419544252414 0.8666986346404579 0.0
1.3 -3.402468383590426 -3.9482109384957718 0.545742554905346 0.012946900116676988 0.8562625125859539 0.0
1.4 -3.360788100849391 -3.9401218686228177 0.5793337677734265 0.01496896745044363 0.8457432694398473 0.0
1.5 -3.319705149024927 -3.931488747737288 0.611783598712361 0.01712696479280105 0.8351532786859499 0.0
1.6 -3.279215610874228 -3.922322702763681 0.6431070918894531 0.019418085857100722 0.8245046847470963 0.0
1.7 -3.239315346118467 -3.9126354036714295 0.6733200575529623 0.021839383886633642 0.8138093667208594 0.0
1.8 -3.2 -3.9024390243902447 0.7024390243902443 0.024387781007458875 0.8030789056087211 0.0
1.9 -3.161265012134343 -3.8917462028782417 0.7304811907438985 0.02706007781630184 0.7923245550681847 0.0
2.0 -3.1231056256176606 -3.8805700005813275 0.7574643749636667 0.02985296314968116 0.7815572156774601 0.0
2.1 -3.0855168963504433 -3.868923861517737 0.7834069651672934 0.03276302398118752 0.7707874126664703 0.0
2.2 -3.048493702538308 -3.8568215712151614 0.8083278686768536 0.03578675539473757 0.7600252770357977 0.0
2.3 -3.012030754331352 -3.8442772157195346 0.8322464613881829 0.03892057058330714 0.7492805299574857 0.0
2.4 -2.9761226035642205 -3.8313051408846066 0.8551825373203861 0.0421608108242767 0.7385624703277618 0.0
2.5 -2.9407636535600528 -3.817919912140119 0.8771562585800663 0.04550375538482757 0.7278799653220843 0.0
2.6 -2.9059481689626177 -3.804136274923792 0.8981881059611745 0.048945631313177196 0.7172414437870941 0.0
2.7 -2.8716702855623395 -3.789969115948797 0.9182988303864574 0.05248262307421299 0.7066548922919946 0.0
2.8 -2.837924020083418 -3.77543342546407 0.9375094053806518 0.05611088199085232 0.6961278536531047 0.0
2.9 -2.8047032799009615 -3.7605442606499304 0.9558409807489688 0.059826535455647464 0.6856674277399646 0.0
3.0 -2.772001872658766 -3.745316710276178 0.9733148376174123 0.06362569588021166 0.675280274368631 0.0
3.1 -2.73981351576033 -3.729765860734426 0.9899523449740962 0.06750446935336943 0.6649726180878086 0.0
3.2 -2.708131845707603 -3.713906763541037 1.0057749178334345 0.07145896398214438 0.6547502546655396 0.0
3.3 -2.6769504272639875 -3.69775440439171 1.0208039771277226 0.07548529789309351 0.6446185590883686 0.0
3.4 -2.6462627624201462 -3.6813236738338984 1.0350609114137521 0.07957960687468076 0.6345824948905161 0.0
3.5 -2.616062299143246 -3.6646293396087577 1.0485670404655116 0.08373805164466014 0.6246466246377763 0.0
3.6 -2.5863424398922623 -3.6476860207004256 1.0613435808081633 0.08795682472952926 0.6148151213989015 0.0
3.7 -2.557096549884062 -3.63050816311726 1.0734116132331981 0.09223215694613944 0.6050917810462589 0.0
3.8 -2.5283179650969063 -3.61311001741716 1.0847920523202534 0.0965603234785144 0.5954800352371693 0.0
3.9 -2.5000000000000004 -3.595505617977529 1.0955056179775284 0.10093764954552167 0.5859829649371977 0.0
4.0 -2.4721359549995796 -3.577708763999664 1.1055728090000843 0.10536051565782664 0.5766033143570135 0.0
4.1 -2.4447191235938206 -3.559733002227502 1.1150138786336818 0.10982536246479135 0.5673435051846192 0.0
4.2 -2.417742799230607 -3.541591611351775 1.123848812121168 0.11432869519435665 0.5582056510049924 0.0
4.3 -2.391200281863816 -3.523297588062604 1.132097306198788 0.1188670876909075 0.549191571809205 0.0
4.4 -2.3650848842053303 -3.504863634706588 1.139778750501258 0.12343718605800588 0.5403028085048148 0.0
4.5 -2.3393899376714553 -3.486302148498198 1.1469122108267427 0.12803571191458119 0.531540637348785 0.0
4.6 -2.314108798023731 -3.4676252122301405 1.1535164142064094 0.13265946527460343 0.5229060842330725 0.0
4.7 -2.2892348507054483 -3.4488445864229145 1.1596097357174662 0.13730532706158377 0.5143999387616682 0.0
4.8 -2.2647615158762404 -3.429971702850177 1.1652101869739364 0.14197026127038645 0.506022768065814 0.0
4.9 -2.240682253148256 -3.4110176593738033 1.170335406225547 0.1466513167897373 0.4977749303117061 0.0
5.0 -2.216990566028302 -3.391993216020352 1.1750026499920503 0.15134562889965086 0.48965658786198357 0.0
5.1 -2.1936800060712365 -3.372908792229299 1.1792287861580621 0.15605042045856407 0.4816677200587452 0.0
5.2 -2.1707441767506257 -3.3537744652025494 1.1830302884519237 0.16076300279551012 0.4738081356018664 0.0
5.3 -2.1481767370533578 -3.3345999692845587 1.186423232231201 0.16548077632289834 0.4660774845017045 0.0
5.4 -2.125971404805462 -3.3153946963025933 1.1894232914971314 0.17020123088582667 0.45847526959040286 0.0
5.5 -2.1041219597369003 -3.296167696797471 1.1920457370605708 0.17492194586377996 0.4510008575802628 0.0
5.6 -2.0826222462934814 -3.276927682076163 1.1943054357826814 0.17964059004069544 0.44365348966185025 0.0
5.7 -2.0614661762044135 -3.257683027019199 1.1962168508147855 0.1843549212591729 0.43643229163794633 0.0
5.8 -2.0406477308142503 -3.2384417735775517 1.1977940427633014 0.18906278587443037 0.4293362835926775 0.0
5.9 -2.020160963188215 -3.2192116348957174 1.1990506717075022 0.1937621180233933 0.42236438909794594 0.0
6.0 -2.0000000000000004 -3.2 1.1999999999999995 0.19845093872383832 0.41551544396166645 0.0
6.1 -1.9801590432112588 -3.180813938993386 1.2006548957821268 0.20312735481825536 0.4087882045244666 0.0
6.2 -1.960632371551998 -3.161660208700976 1.201027837148978 0.20778955777652816 0.40218135551327305 0.0
6.3 -1.9414143418111236 -3.142545258712623 1.2011309169014992 0.21243582237111397 0.3956935174617005 0.0
6.4 -1.9224993899462788 -3.123475237772121 1.200975847825842 0.21706450523782778 0.38932325370848003 0.0
6.5 -1.9038820320220762 -3.1044560004650634 1.200573968442987 0.22167404333484883 0.3830690769861372 0.0
6.6 -1.8855568649856695 -3.0854931141603092 1.1999362491746397 0.22626295231193 0.3769294556129934 0.0
6.7 -1.8675185672884773 -3.0665918661627565 1.1990732988742794 0.2308298248012299 0.3709028193021625 0.0
6.8 -1.8497618993626754 -3.0477572710378382 1.1979953716751628 0.23537332864064286 0.3649875646017386 0.0
6.9 -1.8322817039608936 -3.0289940780709363 1.1967123741100425 0.23989220503980557 0.3591820599806387 0.0
7.0 -1.8150729063673252 -3.0103067788275117 1.1952338724601865 0.24438526669845773 0.3534846505747739 0.0
7.1 -1.7981305144882171 -2.991699614782327 1.1935691002941096 0.24885139588618538 0.347893662608329 0.0
7.2 -1.7814496188294842 -2.973176584988665 1.191726966159181 0.2532895424920268 0.34240740750485377 0.0
7.3 -1.7650253923689032 -2.9547414537608487 1.1897160613919453 0.25769872205177996 0.33702418570278647 0.0
7.4 -1.7488530903301112 -2.93639775834563 1.1875446680155188 0.2620780137604359 0.33174229018988094 0.0
7.5 -1.7329280498653272 -2.9181488165603406 1.1852207666950136 0.26642655847636887 0.32656000977064 0.0
7.6 -1.717245689653489 -2.8999977343776555 1.1827520447241668 0.2707435567237393 0.32147563208075824 0.0
7.7 -1.701801509420163 -2.88194741343897 1.180145904018807 0.275028266698643 0.31648744636198023 0.0
7.8 -1.686591089385369 -2.864000558480164 1.1774094690947952 0.2792800022844382 0.31159374601066336 0.0
7.9 -1.6716100896451367 -2.8461596846553974 1.174549595010261 0.2834981310809234 0.3067928309126746 0.0
8.0 -1.6568542494923804 -2.82842712474619 1.1715728752538095 0.2876820724517809 0.3020830095770485 0.0
8.1 -1.6423193866823742 -2.8108050362446724 1.168485649562298 0.29183129559415455 0.2974626010801932 0.0
8.2 -1.6280013966478746 -2.7932954083013106 1.165294011653436 0.29594531763389953 0.2929299368321187 0.0
8.3 -1.6138962516686575 -2.7759000685288147 1.162003816860157 0.3000237017496203 0.2884833621755954 0.0
8.4 -1.6000000000000003 -2.7586206896551726 1.1586206896551723 0.3040660553282857 0.2841212378287728 0.0
8.5 -1.5863087649643761 -2.741458796019964 1.1551500310555878 0.30807202815483 0.2798419411812108 0.0
8.6 -1.5728187440104093 -2.7244157699091502 1.1515970258987407 0.3120413106378697 0.2756438674529611 0.0
8.7 -1.5595262077428849 -2.7074928577245663 1.1479666499816816 0.3159736320733549 0.27152543072571833 0.0
8.8 -1.5464274989274023 -2.6906911759852505 1.1442636770578483 0.31986875894768185 0.26748506485473855 0.0
8.9 -1.5335190314730345 -2.6740117171585394 1.1404926856855049 0.3237264932815645 0.26352122426971475 0.0
9.0 -1.520797289396148 -2.6574553553196796 1.1366580659235315 0.327546671015709 0.25963238467241423 0.0
9.1 -1.5082588257683411 -2.641022851639356 1.1327640258710148 0.33132916043909727 0.2558170436383909 0.0
9.2 -1.4959002616512687 -2.6247148596991474 1.1288145980478785 0.3350738606605379 0.2520737211298158 0.0
9.3 -1.483718285020922 -2.608531930635518 1.1248136456145958 0.33878070012386907 0.24840095992591235 0.0
9.4 -1.4717096496837896 -2.5924745181134323 1.120764868429643 0.3424496351671222 0.24479732597727014 0.0
9.5 -1.4598711741871107 -2.576542983131119 1.1166718089440084 0.3460806486257312 0.2412614086898306 0.0
9.6 -1.4481997407253238 -2.56073759865792 1.1125378579325964 0.3496737484797488 0.23779182114405054 0.0
9.7 -1.4366922940446196 -2.545058554107506 1.1083662600628865 0.35322896654492597 0.2343872002544156 0.0
9.8 -1.4253458403473875 -2.5295059596490432 1.1041601193016555 0.3567463572073475 0.2310462068741345 0.0
9.9 -1.4141574461982005 -2.514079850359144 1.0999224041609437 0.360225996201279 0.22776752584957968 0.0
10.0 -1.403124237432849 -2.4987801902176967 1.0956559527848477 0.3636679794297032 0.2245498660287064 0.0
